image_width: 640
image_height: 480
camera_name: camera
camera_matrix:
  rows: 3
  cols: 3
  data: [643.9282532796085, 0, 314.1866093527332, 0, 640.513404498808, 248.9216065473297, 0, 0, 1]
distortion_model: plumb_bob
distortion_coefficients:
  rows: 1
  cols: 5
  data: [-0.5089960280592124, 0.3233047572088401, -0.0004378685818758028, 0.005690706809684684, 0]
rectification_matrix:
  rows: 3
  cols: 3
  data: [1, 0, 0, 0, 1, 0, 0, 0, 1]
projection_matrix:
  rows: 3
  cols: 4
  data: [558.0994262695312, 0, 316.6447119233053, 0, 0, 591.2435302734375, 249.7229405867402, 0, 0, 0, 1, 0]