image_width: 640
image_height: 480
camera_name: camera
camera_matrix:
  rows: 3
  cols: 3
  data: [653.5228701190186, 0, 300.3379283830751, 0, 655.2405967262254, 233.1999766603932, 0, 0, 1]
distortion_model: plumb_bob
distortion_coefficients:
  rows: 1
  cols: 5
  data: [0.009092676114193987, -0.1456355772630615, -0.001501009940408175, -0.007256783803252079, 0]
rectification_matrix:
  rows: 3
  cols: 3
  data: [1, 0, 0, 0, 1, 0, 0, 0, 1]
projection_matrix:
  rows: 3
  cols: 4
  data: [646.9451904296875, 0, 295.6897091216888, 0, 0, 653.809814453125, 232.1895752936325, 0, 0, 0, 1, 0]