image_width: 640
image_height: 480
camera_name: left_camera
camera_matrix:
  rows: 3
  cols: 3
  data: [641.1198188539356, 0, 299.0819020095535, 0, 637.3580387962517, 248.9165553086793, 0, 0, 1]
distortion_model: plumb_bob
distortion_coefficients:
  rows: 1
  cols: 5
  data: [-0.4460019407082675, 0.2301762285639017, -0.001456174786535551, 0.0004689790332487725, 0]
rectification_matrix:
  rows: 3
  cols: 3
  data: [0.9899985051455932, 0.009503354976037413, -0.1407574014170851, -0.00914700613950795, 0.9999531138440139, 0.003178426079759026, 0.1407810075549071, -0.001859128252733952, 0.9900390151675666]
projection_matrix:
  rows: 3
  cols: 4
  data: [610.9590792717986, 0, 399.8339805603027, 0, 0, 610.9590792717986, 248.735876083374, 0, 0, 0, 1, 0]