image_width: 640
image_height: 480
camera_name: right_camera
camera_matrix:
  rows: 3
  cols: 3
  data: [643.7709709562652, 0, 298.4764566856615, 0, 640.5553597755666, 249.1784428326985, 0, 0, 1]
distortion_model: plumb_bob
distortion_coefficients:
  rows: 1
  cols: 5
  data: [-0.4470451373768976, 0.2640253046346087, -0.001116717828952776, 0.001566954946753666, 0]
rectification_matrix:
  rows: 3
  cols: 3
  data: [0.9891727498387792, 0.01638723633816171, -0.1458380247452121, -0.01675644009090262, 0.9998587513940198, -0.001303447840067403, 0.1457960654197082, 0.003733061208849599, 0.9893076223107468]
projection_matrix:
  rows: 3
  cols: 4
  data: [610.9590792717986, 0, 399.8339805603027, -39.96146128027236, 0, 610.9590792717986, 248.735876083374, 0, 0, 0, 1, 0]