image_width: 640
image_height: 480
camera_name: left_camera
camera_matrix:
  rows: 3
  cols: 3
  data: [635.213421544292, 0, 303.9774842148275, 0, 630.1331955535011, 236.4150335040925, 0, 0, 1]
distortion_model: plumb_bob
distortion_coefficients:
  rows: 1
  cols: 5
  data: [-0.4387011595395385, 0.2133791111738764, 0.0005351361464428999, 0.0007730240141632864, 0]
rectification_matrix:
  rows: 3
  cols: 3
  data: [0.9981898840644712, 0.005772467257900362, -0.05986346108532403, -0.006300879055990995, 0.9999428062355572, -0.008641943119506893, 0.05981015193493, 0.009003492628723998, 0.9981691654454196]
projection_matrix:
  rows: 3
  cols: 4
  data: [602.3139259305399, 0, 337.2209053039551, 0, 0, 602.3139259305399, 237.8000621795654, 0, 0, 0, 1, 0]