image_width: 640
image_height: 480
camera_name: right_camera
camera_matrix:
  rows: 3
  cols: 3
  data: [636.0198940089035, 0, 312.0900678017652, 0, 630.3883855187029, 237.9845104448751, 0, 0, 1]
distortion_model: plumb_bob
distortion_coefficients:
  rows: 1
  cols: 5
  data: [-0.4308649491645579, 0.1869821760373317, 0.001822286234276473, -0.0005076311822530394, 0]
rectification_matrix:
  rows: 3
  cols: 3
  data: [0.999532728051215, 0.008974320007857759, -0.02921963611841298, -0.008716026839398962, 0.9999219153578444, 0.008955113803568917, 0.02929772057056277, -0.008696250197444766, 0.9995329003098762]
projection_matrix:
  rows: 3
  cols: 4
  data: [602.3139259305399, 0, 337.2209053039551, -46.13266110684693, 0, 602.3139259305399, 237.8000621795654, 0, 0, 0, 1, 0]