image_width: 640
image_height: 480
camera_name: left_camera
camera_matrix:
  rows: 3
  cols: 3
  data: [647.2864247728641, 0, 348.5824888835241, 0, 648.1215576506204, 263.8510447099183, 0, 0, 1]
distortion_model: plumb_bob
distortion_coefficients:
  rows: 1
  cols: 5
  data: [0.08048949203458911, -0.5324282663181736, -0.00943248303017088, 0.0006486527485004591, 0]
rectification_matrix:
  rows: 3
  cols: 3
  data: [0.9983323856929062, 0.02754485557971381, 0.0507319288791896, -0.02832480507475545, 0.9994903901039145, 0.014719562065564, -0.05030062717489267, -0.01613198750983871, 0.9986038282946821]
projection_matrix:
  rows: 3
  cols: 4
  data: [702.9676271798105, 0, 343.5055694580078, 0, 0, 702.9676271798105, 264.40505027771, 0, 0, 0, 1, 0]