image_width: 640
image_height: 480
camera_name: right_camera
camera_matrix:
  rows: 3
  cols: 3
  data: [642.6515774069277, 0, 338.6008935918977, 0, 642.8554990791778, 263.7556483513694, 0, 0, 1]
distortion_model: plumb_bob
distortion_coefficients:
  rows: 1
  cols: 5
  data: [0.06290518266875006, -0.3915275710461991, -0.004277136406151202, 0.002438814796852436, 0]
rectification_matrix:
  rows: 3
  cols: 3
  data: [0.9994301673075248, 0.02585465062682971, -0.02169971697091071, -0.02618649319104278, 0.9995422646202551, -0.01515020832092371, 0.02129808089966151, 0.01570981472763094, 0.99964973539296]
projection_matrix:
  rows: 3
  cols: 4
  data: [702.9676271798105, 0, 343.5055694580078, -43.87240175887744, 0, 702.9676271798105, 264.40505027771, 0, 0, 0, 1, 0]