image_width: 640
image_height: 480
camera_name: left_camera
camera_matrix:
  rows: 3
  cols: 3
  data: [641.0113225040906, 0, 305.8376262932248, 0, 634.8105773950813, 242.9739321470413, 0, 0, 1]
distortion_model: plumb_bob
distortion_coefficients:
  rows: 1
  cols: 5
  data: [-0.4379478577660043, 0.2119480409603234, -0.0003498104958124704, 0.0007930150386831708, 0]
rectification_matrix:
  rows: 3
  cols: 3
  data: [0.974112370722573, -0.01514631292470697, -0.2255563752369583, 0.01540153740856964, 0.9998811919730871, -0.0006281591605219778, 0.2255390916242706, -0.002862017341906241, 0.9742299148589277]
projection_matrix:
  rows: 3
  cols: 4
  data: [601.9231307330734, 0, 477.2579116821289, 0, 0, 601.9231307330734, 243.7155513763428, 0, 0, 0, 1, 0]