image_width: 640
image_height: 480
camera_name: right_camera
camera_matrix:
  rows: 3
  cols: 3
  data: [640.2739732290995, 0, 306.3152434801, 0, 634.2536175633297, 241.330156634775, 0, 0, 1]
distortion_model: plumb_bob
distortion_coefficients:
  rows: 1
  cols: 5
  data: [-0.4521170528825721, 0.2413738377777141, 0.000516952727224802, -0.001169457025893176, 0]
rectification_matrix:
  rows: 3
  cols: 3
  data: [0.969775446231733, -0.009814046556367192, -0.2438016988788896, 0.009537856567408765, 0.9999518377289452, -0.002313334088471148, 0.2438126600038293, -8.193103686726687e-05, 0.9698223446122297]
projection_matrix:
  rows: 3
  cols: 4
  data: [601.9231307330734, 0, 477.2579116821289, -40.42362059522569, 0, 601.9231307330734, 243.7155513763428, 0, 0, 0, 1, 0]